2.93127	1.80248	
5.17638	2.25363	
-1.91244	-1.15638	
3.49333	1.41076	
2.55212	1.56387	
-0.264983	-0.521538	
1.249	0.0927177	
2.59344	1.57321	
8.19797	3.88727	
6.79681	3.5792	
-0.338073	-0.344981	
7.25664	3.76309	
3.25644	0.345994	
1.89079	1.17832	
3.23797	2.54577	
1.64499	1.34214	
1.78498	1.34794	
4.58023	2.17025	
4.44052	2.31076	
4.45465	2.34945	
3.16307	1.62973	
-0.0914287	-0.460949	
3.24229	1.44502	
4.82365	2.32444	
2.84679	1.18307	
3.79214	2.31449	
3.259	2.89868	
1.47442	0.0755453	
2.509	1.31867	
0.636386	-0.402996	
3.53875	2.42063	
0.0132163	0.711564	
0.148662	-0.75694	
0.597907	1.2708	
-3.09965	-2.09217	
4.49135	2.35908	
2.56325	1.83109	
0.692426	0.419807	
4.37343	3.33455	
-0.964433	0.894062	
1.82291	0.980614	
1.5818	-0.162632	
2.55288	1.09394	
2.54189	0.846888	
0.501984	-0.131385	
1.94795	0.410127	
1.71442	0.896305	
3.08722	2.59693	
3.89359	1.58887	
3.92132	1.8204	
0.504109	0.835292	
2.13399	1.67341	
-0.102912	0.191314	
0.0713601	0.548688	
1.98814	1.42943	
4.65459	2.13642	
0.6669	0.547896	
2.64325	1.17206	
1.60928	0.354704	
3.93532	2.28503	
0.113685	0.0905694	
2.05639	0.934635	
2.957	1.62437	
3.90631	2.447	
4.67465	2.53379	
2.14884	1.17169	
-0.58351	-0.151863	
0.714296	0.382758	
0.161287	-0.30659	
6.07111	3.42895	
0.933746	1.17133	
3.29571	1.3808	
1.66672	1.79724	
3.53912	1.68144	
0.675242	0.215746	
-0.428801	-0.663201	
-0.463627	-0.627982	
2.84558	0.946301	
1.69278	1.02334	
1.66043	1.62873	
4.45832	2.49289	
2.50504	1.67962	
2.34262	1.84223	
4.74998	1.12522	
0.606624	0.219532	
3.20659	1.7798	
3.44642	2.08183	
1.57787	0.136511	
2.37355	0.683841	
-0.0193009	0.385691	
0.0116875	-0.0524419	
2.18165	1.36737	
3.25098	1.14517	
6.4782	2.4222	
0.844911	0.803056	
2.32447	1.75889	
1.85712	1.74459	
-1.34809	-1.44014	
1.23969	-0.048582	
-1.10847	-1.29116	
3.45557	1.70696	
0.461883	-0.076812	
2.17337	1.74376	
1.05685	-0.199109	
2.52571	0.391682	
0.960204	0.582754	
2.84864	2.02079	
3.28061	1.2389	
4.96508	1.84972	
1.66377	0.757218	
-1.70374	-1.67009	
0.54579	0.281567	
4.34623	2.58731	
0.142973	0.180355	
3.66442	0.877588	
2.21486	0.839019	
4.48843	2.0932	
-1.39638	0.208602	
1.65758	1.28621	
-0.0920497	-0.0745652	
7.03682	4.17309	
3.42932	1.19229	
4.38845	2.02009	
0.167178	0.78987	
1.18833	1.34536	
1.52807	1.12922	
3.90253	2.19664	
1.51871	0.466293	
3.21511	1.98	
-1.55385	-1.191	
1.38711	0.980817	
0.573506	0.427674	
-0.731543	0.203882	
2.87984	1.22699	
2.48841	1.56228	
2.05799	1.42558	
-0.309998	-0.604188	
3.95287	2.05456	
2.60653	2.10189	
1.482	0.797221	
2.03965	0.865511	
1.54621	1.00144	
-1.03146	-0.653279	
1.50524	0.974191	
0.560031	0.212633	
0.303965	0.142818	
-0.00294642	0.228922	
1.07585	1.21908	
-1.46867	-0.508396	
3.67009	2.65924	
2.90077	0.436204	
1.96531	0.758027	
1.93977	1.08788	
0.61754	-0.108816	
3.76441	1.24423	
1.76926	1.19315	
0.762397	0.687549	
4.34067	2.31502	
1.61069	1.003	
0.979772	0.0546045	
1.4912	0.496758	
0.531349	0.212338	
0.0598809	-0.313974	
6.37516	3.35352	
4.86741	3.61632	
2.53267	1.02522	
-0.177393	0.235028	
0.500965	-0.26673	
1.69423	1.51689	
3.37077	1.20082	
-0.307099	-0.0491919	
-2.03545	-1.32702	
-0.50991	0.00105275	
2.57766	1.29451	
2.67784	1.31693	
2.78233	2.86571	
1.77434	0.572147	
2.31816	1.13564	
1.17528	1.92915	
3.49307	1.17319	
-0.358524	0.0972374	
2.78813	0.855838	
0.529992	0.780316	
1.41996	0.873744	
2.95745	1.80479	
3.79976	1.76045	
0.064193	0.154692	
4.18352	2.82802	
3.1434	0.43415	
1.88245	0.124581	
1.66187	1.03867	
1.62309	0.484163	
1.475	0.589327	
2.03992	0.271499	
2.08884	0.592002	
3.43078	1.5133	
4.6448	1.9595	
2.80872	0.971117	
1.63677	0.60746	
3.08286	1.0701	
2.31736	1.82962	
0.21639	-0.386022	
3.6441	2.73102	
2.53185	1.07871	
2.23413	0.391195	
2.89243	1.13688	
2.45277	1.69363	
0.369299	0.712614	
1.71882	0.939525	
1.74703	1.01721	
1.07853	0.855717	
4.91349	1.72722	
0.483192	-0.0492587	
1.16201	-0.334071	
0.766772	0.158834	
-0.0337954	0.45774	
1.66703	1.19224	
1.5253	1.90656	
4.65016	2.40845	
1.56868	-0.293907	
0.156728	0.923064	
4.77727	3.02978	
4.13853	1.77795	
1.60228	0.912445	
-0.608745	0.0853532	
1.22988	0.807295	
1.7299	1.21313	
2.47816	1.18272	
1.54765	0.754414	
2.76803	1.42806	
2.67878	0.944562	
-0.166239	0.628361	
0.358084	0.182208	
0.716367	0.701424	
1.12043	0.13275	
1.44475	0.184756	
2.0216	0.965315	
-3.24669	-1.74973	
1.20843	1.20163	
4.15198	2.37902	
0.152419	0.346467	
3.61726	1.08616	
2.60677	0.81954	
1.94976	1.07591	
2.31602	0.984069	
-0.710757	0.289666	
1.85357	1.59736	
4.77812	2.09866	
2.17034	1.52274	
2.07166	1.73356	
0.728382	0.524684	
1.94663	1.78501	
2.40244	1.73244	
2.73852	1.47632	
1.35428	1.11554	
1.59045	0.892428	
5.50514	2.54512	
-1.91158	-0.776563	
5.86151	2.94887	
2.58468	1.11002	
3.73216	2.75159	
-0.882417	-0.330572	
0.97803	1.8542	
1.51838	0.611107	
2.73217	1.64823	
-0.892872	0.344874	
2.81689	2.77306	
-0.100713	0.101426	
2.11464	0.662193	
3.12991	1.96665	
2.56648	0.623291	
3.87518	1.80067	
3.74258	2.00722	
0.872595	1.18107	
2.44523	1.94119	
0.36429	0.168364	
-0.289405	0.317263	
3.60185	1.64028	
2.00009	1.33061	
1.90488	1.91009	
3.57812	1.86744	
3.02985	1.36466	
2.60657	1.05327	
4.1655	2.44099	
3.61044	2.47387	
2.41528	2.27048	
0.804259	0.429153	
0.871476	0.517256	
4.06478	1.71604	
-0.791772	0.41011	
1.95763	0.941091	
-1.3755	-0.92437	
3.76755	2.9759	
3.49254	2.15121	
2.00201	1.35918	
1.87731	0.435868	
-2.30637	-0.936192	
3.00662	1.76338	
-1.79741	-1.44483	
-2.01711	-1.12145	
2.13845	0.866764	
0.357183	0.442521	
2.71272	0.85288	
3.17256	2.13079	
3.48564	2.63526	
0.802877	0.249561	
2.77834	1.38482	
2.1743	1.34047	
3.4308	2.31702	
2.92865	1.72533	
3.55519	1.97612	
1.77148	0.644333	
1.74504	0.756771	
3.74551	2.17945	
-1.67828	0.00228569	
1.12603	0.847212	
-0.200734	-0.703382	
1.33734	0.885202	
3.12355	1.51571	
3.4302	1.59307	
0.242066	0.0114387	
1.18408	0.152158	
2.23733	0.958265	
1.49448	0.355031	
2.52277	1.0789	
2.6927	1.40499	
0.389259	0.2818	
1.69372	0.739032	
-1.6929	-0.922754	
3.98382	2.00876	
0.910383	0.684333	
-0.0851293	0.598251	
1.56015	1.09012	
-0.474489	-0.380581	
1.96387	1.28094	
1.0289	0.391684	
5.77202	1.99564	
3.97188	0.81232	
-2.32473	-2.01916	
2.7644	1.26364	
-0.421646	-0.520636	
1.55823	0.419036	
2.28476	1.16271	
3.29511	1.31807	
1.52707	0.448277	
4.73023	2.66993	
1.16699	0.974664	
2.56727	2.50193	
3.15135	1.72688	
2.14755	1.10294	
3.52585	1.47586	
2.55982	1.1823	
0.641819	0.295644	
-1.127	-1.44139	
5.21918	2.48091	
0.952923	0.851233	
2.17902	0.80413	
2.97543	1.73483	
2.19676	1.5941	
0.432968	0.755054	
1.18989	0.983368	
1.78368	-0.238078	
4.56163	1.99863	
0.509023	0.705257	
3.35909	1.87688	
2.53455	1.2697	
1.59494	1.01593	
0.16927	0.649671	
1.50785	0.830812	
1.84985	0.54561	
-0.545067	-0.362615	
2.33287	1.06254	
0.575746	0.736246	
1.83677	1.12454	
2.58234	1.56493	
0.433093	0.290464	
1.50073	0.569229	
2.60633	1.33373	
-1.1798	-0.481548	
3.79436	1.19812	
6.19929	3.18908	
3.66173	2.29466	
1.45307	0.671444	
2.7424	2.1574	
0.205622	0.383056	
5.25256	2.41611	
3.62935	1.7377	
3.36372	1.54426	
0.482941	0.362031	
2.55417	1.65443	
1.03301	0.370548	
1.46059	0.959517	
1.01271	1.384	
0.223377	0.577434	
0.426006	0.625635	
1.63645	0.41082	
-0.942519	-0.738362	
3.0524	1.64747	
1.79597	0.84766	
3.21098	0.792966	
2.46705	0.476311	
2.85613	1.94116	
-0.568841	-0.663484	
0.23285	1.1556	
1.22578	-0.498102	
2.18993	1.31935	
3.95503	1.97783	
1.49777	0.370765	
4.18507	2.2947	
2.82346	1.0148	
4.03363	2.44671	
2.21988	1.14337	
0.862361	-0.388513	
-0.565858	-1.4953	
2.26931	0.992742	
3.41777	2.28179	
1.49322	0.837196	
1.06333	0.55879	
1.46542	1.07659	
0.100645	-0.646381	
1.14608	1.28572	
1.68695	0.39655	
2.0794	1.05858	
1.88952	0.762978	
3.05886	1.60421	
2.18934	0.122413	
5.14197	3.33293	
2.54044	1.54313	
5.12547	3.5677	
0.747517	1.08209	
2.91201	1.46174	
1.54923	0.305091	
3.03948	0.650284	
3.02872	1.52284	
-1.7863	-0.783571	
-0.298506	0.373657	
-0.495909	-0.723446	
2.69602	1.74541	
4.54646	2.30895	
1.43394	0.330127	
3.40698	2.09057	
2.9449	1.60528	
0.178519	-0.0282931	
2.68843	2.28286	
0.69768	0.65346	
4.62625	2.25799	
1.94359	1.11053	
4.83363	2.46034	
1.26378	0.718685	
3.02093	1.73726	
1.89124	0.643862	
-1.50214	-1.14958	
0.298898	0.329774	
3.0609	2.473	
1.90493	0.799056	
0.0622993	-0.475212	
0.915081	0.338268	
2.43218	0.974081	
0.280041	-0.0236519	
3.68866	2.08209	
0.890259	0.380127	
5.13304	2.26934	
0.129617	-0.157075	
2.34501	0.511238	
-0.634495	-0.747008	
0.746634	-0.333184	
0.97246	0.228237	
2.69513	0.805018	
3.63182	1.46233	
2.52046	1.1094	
1.35382	0.0766911	
3.41247	1.69655	
3.38371	1.86204	
2.2082	0.622485	
2.98943	2.05168	
2.71498	0.564439	
0.290532	-0.0506314	
3.31561	0.915462	
0.861694	0.258533	
0.953983	-0.184967	
2.30648	0.865823	
1.46739	0.363341	
1.77168	0.293339	
3.03119	0.483165	
3.81317	2.18911	
1.65713	1.82863	
2.56756	2.39544	
1.58725	0.547536	
2.39767	1.17584	
2.7621	1.14818	
0.931557	0.503752	
2.47603	0.778631	
3.04114	0.560836	
2.15988	1.06172	
4.99617	1.88552	
0.945948	-0.478243	
0.723375	1.54881	
-1.03088	-0.632113	
3.577	1.99044	
3.50183	2.34715	
1.86162	0.0884313	
3.55621	1.98468	
2.31818	1.40996	
2.50366	1.29336	
2.19563	1.17671	
2.76202	1.11704	
2.17608	1.44957	
6.82781	2.98893	
-0.0207231	-0.408554	
-1.21174	-0.243201	
0.0242823	0.855413	
0.106274	-0.14006	
1.24897	0.371944	
1.7082	1.05814	
1.62149	1.34692	
2.93762	1.9528	
2.67423	1.47219	
3.30117	1.33338	
5.08003	2.8549	
4.11841	2.01959	
-0.222665	0.577142	
-2.03387	-1.72104	
3.56219	1.85171	
-1.17942	0.05515	
2.11563	0.810345	
2.06145	0.718314	
5.85757	2.46197	
1.88012	0.800696	
1.12129	0.460383	
2.40843	1.27259	
2.42575	0.771199	
2.12132	1.10193	
0.945908	0.171016	
-0.117594	-0.243161	
2.54819	0.855012	
-0.325918	-0.304196	
0.212204	1.89104	
4.30573	3.85663	
1.27444	1.21068	
1.75696	1.27211	
3.55854	1.1402	
1.48019	0.4478	
3.78291	1.58175	
1.40233	0.968815	
3.75422	2.11861	
3.09004	1.59926	
1.63105	0.645381	
0.500568	-0.21264	
0.193283	0.0993026	
1.53223	1.33569	
1.24112	0.834239	
1.29216	0.736594	
3.70355	2.18052	
1.48437	1.03431	
3.98091	1.18223	
1.07921	0.548991	
3.68453	1.62929	
1.09544	-0.469296	
2.30584	0.488645	
3.68137	1.68074	
1.28298	1.0542	
1.24089	0.5058	
5.46997	2.86611	
3.64717	1.37459	
1.25175	-0.452778	
3.124	1.60896	
1.37633	0.212574	
3.22263	2.19761	
4.45232	3.09371	
-0.779103	-0.575399	
3.78203	2.48744	
4.52527	2.73946	
2.08222	0.333589	
5.02461	2.49562	
2.26914	1.26513	
-0.142754	0.19012	
-1.79924	-0.561228	
1.42252	1.04846	
3.23589	1.95715	
2.54977	1.11859	
2.71639	1.54782	
1.00046	-0.62622	
2.24942	0.540534	
-0.838252	0.181857	
0.683486	0.0113735	
0.581809	0.454684	
2.9002	2.20416	
1.97547	0.543283	
-0.00143558	-0.48036	
1.9835	0.745392	
0.805213	0.623135	
0.845243	0.320239	
3.49675	1.25947	
2.19645	0.311751	
2.68998	1.15986	
3.53108	1.65497	
2.31222	0.888501	
2.95411	1.34607	
3.18293	1.04376	
4.02755	2.28839	
2.82421	0.324797	
4.44606	2.29534	
2.03916	1.3541	
1.91709	0.534129	
4.9468	2.44485	
1.11715	0.70447	
1.99506	0.690218	
3.59326	1.78981	
2.25948	1.33579	
4.43342	1.74813	
3.79115	2.31315	
2.50501	1.79978	
0.652987	0.487084	
2.98155	1.49833	
-0.39477	-0.779631	
2.42344	1.45914	
3.40026	1.0922	
2.369	1.97989	
3.52365	2.02506	
5.53144	2.89813	
3.6003	1.60335	
2.46231	0.143002	
3.11139	0.957868	
2.73696	1.55115	
-0.277168	1.06764	
1.27875	1.0095	
4.12122	2.21548	
1.92451	0.691261	
3.00879	1.56553	
0.256691	0.609485	
2.11175	0.928886	
3.03974	2.46575	
-0.358213	-0.789234	
2.60205	1.11291	
1.68504	0.868734	
0.372678	-0.790628	
1.93499	1.25021	
-1.2845	-0.603351	
-1.68576	-0.802531	
-0.038491	0.378108	
0.284348	0.664018	
-0.0317516	0.385217	
-0.988529	-0.728676	
2.49923	1.22632	
-0.761207	-0.203877	
2.1909	0.467052	
3.36324	1.1636	
1.99614	0.78459	
2.16127	1.11947	
1.34501	1.56797	
-0.56807	0.114596	
1.9241	0.740802	
3.6642	1.51755	
5.01073	3.27226	
1.25486	1.9942	
-0.818606	-0.325583	
2.28812	0.904629	
2.65171	0.619529	
1.60691	1.29095	
0.0100255	0.149872	
5.50625	3.33583	
-2.08681	-1.49776	
1.1167	0.678639	
-0.289123	-0.471585	
0.898194	1.08657	
2.55053	0.999672	
2.23911	1.07585	
0.768971	0.210575	
3.34581	2.16989	
3.07802	1.75323	
3.1213	1.05856	
1.26278	0.315048	
3.8162	1.38524	
3.14438	1.82504	
6.34532	3.33864	
3.84197	1.10328	
4.00385	1.0485	
2.09176	1.02568	
-0.23155	0.232822	
1.35703	0.762914	
0.687466	-0.428165	
1.02318	-0.264313	
2.96153	1.9143	
1.03563	0.44513	
0.449619	0.0316885	
1.29102	1.30361	
1.72134	0.462436	
2.70899	1.42221	
0.349986	0.383896	
2.54961	1.68474	
2.13513	0.640391	
4.2939	2.32561	
1.63078	2.18962	
1.76708	0.12705	
-0.0288478	0.202566	
-0.399345	-0.314557	
2.53782	0.855365	
1.56787	0.367945	
2.87251	1.6852	
0.453865	1.38475	
5.30564	2.25591	
2.21171	1.37633	
3.81351	1.62723	
1.60696	1.79176	
1.71854	1.1316	
3.1952	1.52865	
2.9626	1.79124	
0.0596614	0.0270393	
-0.654702	0.226249	
0.0984372	-0.0435764	
-0.452191	-0.786805	
2.10318	1.17481	
1.28769	1.42436	
1.36259	0.0829825	
-0.357257	-0.299801	
3.35025	2.17754	
2.76108	0.420478	
1.84477	1.23511	
3.76874	2.26085	
0.486223	0.349853	
2.71828	0.974024	
2.60352	1.29819	
2.60493	1.34906	
0.736907	0.836079	
2.5661	1.61481	
1.1082	0.378983	
0.44731	1.03359	
-0.0841216	-0.0674774	
3.79755	1.49243	
0.534782	0.0481809	
1.7005	1.27956	
-0.0934468	0.0508846	
1.48536	1.18711	
-3.59805	-1.76442	
0.117331	1.30208	
-0.47066	-1.06815	
0.24292	-0.0865041	
1.63061	0.773193	
1.43648	0.762867	
5.3678	3.41197	
1.00966	0.614557	
1.56693	0.726027	
-0.718134	-0.324766	
1.17315	0.962322	
-0.317444	-0.503435	
2.05248	1.25165	
3.47759	0.956282	
2.70019	1.3107	
0.78649	-0.0776509	
-0.824183	-0.738522	
4.52882	2.40567	
5.55078	2.21285	
2.20871	0.60987	
0.28544	-0.615209	
4.0746	0.923045	
0.973489	0.410984	
1.18627	1.17451	
3.53525	1.67666	
-0.399271	-0.316612	
-1.3892	-1.21797	
2.72865	2.15598	
2.6941	1.22234	
2.16479	1.72941	
2.86028	1.61113	
3.8745	1.80572	
3.68086	2.3815	
1.01521	0.998821	
3.40291	1.64573	
2.30007	1.79801	
1.12437	1.45283	
-0.0668663	-0.0662406	
3.12059	1.43245	
1.38751	0.896073	
2.08043	1.21609	
0.626575	0.717043	
-0.68557	-0.47058	
2.2972	1.50615	
1.89237	1.47048	
4.07678	2.12716	
3.38859	1.77094	
3.82438	1.28503	
0.702907	-0.234947	
0.378235	-0.541603	
-0.198123	-0.721205	
2.86253	1.35371	
6.83083	2.60796	
3.26019	2.75313	
0.661014	0.700147	
3.44909	0.690723	
0.0456746	-0.554438	
-0.467255	-0.287223	
3.24265	0.764884	
0.652628	0.0963668	
2.5473	1.81915	
4.43619	2.13616	
2.69477	1.31376	
3.61022	1.30431	
-0.781331	-0.668496	
3.14581	0.897129	
5.70399	3.0341	
2.93728	1.24254	
-0.668878	0.0572442	
1.64815	1.44269	
1.13403	1.10562	
2.66342	1.31429	
2.71367	1.10484	
2.70233	0.739157	
1.36991	0.744211	
0.96203	0.960752	
0.978802	0.318936	
3.47838	1.65253	
-1.2095	-0.296602	
1.64094	1.25243	
2.46831	0.525697	
0.869367	0.53466	
2.82658	1.5112	
1.87647	0.862669	
0.374814	0.633799	
2.27949	0.95765	
1.53549	0.354652	
1.29008	0.783046	
0.767953	0.613875	
2.10643	0.94446	
-1.19759	-0.200733	
1.31007	-0.103978	
1.05855	-0.008185	
0.420545	-1.32581	
3.13051	1.82596	
0.728205	-0.131409	
2.9364	1.34164	
3.69021	2.34974	
1.72829	0.889652	
2.48116	1.02036	
3.10768	1.1296	
1.85974	0.809686	
2.93681	1.76987	
-0.186826	-0.85154	
3.92331	1.92748	
0.286027	0.53421	
-1.16764	-1.29418	
4.39802	2.53369	
1.89135	1.2873	
2.77755	0.947709	
1.37082	-0.0668454	
0.232298	0.332719	
-3.32257	-1.25716	
3.08475	1.83184	
1.50345	1.13315	
1.65819	0.238033	
2.70253	1.64319	
-0.458384	-0.519197	
0.736564	0.0875983	
3.98723	1.21567	
3.03553	2.06787	
-0.219244	-0.022093	
-1.81617	-0.406277	
1.01057	1.26079	
2.37065	0.616707	
3.63224	2.13763	
2.16234	1.07479	
0.0560991	0.485179	
2.53028	1.81899	
-0.0305436	0.394964	
0.335557	-0.241027	
0.867698	0.370606	
-0.129372	0.0673853	
1.53067	2.3446	
0.441241	0.833929	
1.50518	1.91291	
1.19906	0.80678	
1.29023	0.751031	
1.12784	0.870506	
4.13613	1.80418	
3.05708	2.14934	
2.10232	0.972343	
-0.540826	-0.957214	
-0.815974	0.0274321	
-1.40305	-1.48579	
6.51233	2.33404	
3.6842	1.98631	
2.4451	0.747096	
0.312566	-0.299083	
0.0144386	-0.0737553	
2.94854	1.22982	
4.7108	2.24401	
-0.932957	-0.330445	
1.22162	0.026545	
1.854	0.314884	
-1.45024	-1.77486	
3.45708	1.53342	
1.28179	0.973036	
5.31199	2.30487	
1.32294	0.912136	
2.70872	1.62452	
0.0212564	0.506004	
0.917704	0.953541	
-0.0242874	-0.356564	
2.67996	0.911561	
4.25485	2.15162	
0.971782	0.153464	
2.75582	2.10428	
1.12642	1.25313	
2.17686	1.136	
4.07197	1.82242	
2.20834	1.35957	
0.204135	-0.22607	
0.515454	0.195218	
1.70577	0.587651	
1.66802	0.886804	
0.500364	0.814357	
2.31292	1.5277	
4.19369	2.66865	
1.56496	0.325124	
1.64567	0.912738	
-1.81315	-1.39825	
0.658504	0.521666	
-0.413219	-0.0437606	
1.33102	1.31367	
2.91034	2.00479	
4.63838	2.6458	
5.11508	2.30501	
1.79755	0.660778	
1.4454	-0.303079	
3.41598	1.48384	
2.84898	0.648892	
3.32545	2.12764	
3.34802	2.12498	
-0.563964	-0.212838	
2.93594	1.27877	
1.84145	0.992257	
0.683204	1.14412	
0.798657	1.07389	
4.21955	1.88555	
0.597493	0.382952	
-0.142232	-0.631364	
2.37185	1.38629	
5.48276	3.11091	
2.04426	1.47215	
2.53399	0.501386	
0.374908	0.439764	
4.89983	2.01781	
2.21649	0.919965	
2.91816	1.85309	
0.350969	0.324588	
3.47925	1.65775	
2.67402	1.64038	
-0.00225261	0.816123	
2.06883	0.722669	
1.21954	-0.0652799	
2.18922	0.513491	
1.56603	0.310875	
1.67108	0.499935	
0.210941	0.393811	
1.44004	-0.322864	
3.32766	1.78181	
5.02186	2.12172	
-0.0100795	0.544741	
6.1178	2.63112	
4.64324	2.3254	
2.29186	0.677139	
1.47829	0.398368	
0.789895	0.264878	
3.4424	1.6068	
0.796908	0.136048	
1.2	1.16416	
3.53047	2.0403	
2.75508	2.30511	
3.55321	1.63796	
2.87422	1.97043	
1.30563	-0.396807	
1.10999	0.874236	
3.37935	1.87541	
0.837465	0.231643	
4.05535	2.37535	
3.36954	2.12358	
2.49835	1.76598	
2.00559	1.21269	
2.63327	1.61717	
8.10839	3.71718	
1.80525	0.355038	
-0.6961	-0.481858	
5.31705	2.7518	
3.05628	2.00361	
0.877784	0.0436327	
6.53336	3.02194	
2.95427	2.96437	
2.50958	0.943495	
0.652735	1.28652	
0.155487	0.558318	
-1.06298	-0.810393	
1.26748	0.580463	
0.175973	-0.0195941	
3.12194	1.79772	
1.44985	1.40775	
5.06398	1.71309	
4.61641	3.32007	
2.28407	1.53093	
1.51024	0.480668	
3.99561	1.9348	
0.0141905	0.156885	
